STATIONS_ID;MESS_DATUM;  QN;PP_10;TT_10;TM5_10;RF_10;TD_10;eor
       7431;202502190000;    3;   -999; -10.4; -17.7;  91.6; -11.5;eor
       7431;202502190010;    3;   -999; -10.1; -16.7;  91.9; -11.2;eor
       7431;202502190020;    3;   -999; -11.6; -18.0;  90.5; -12.8;eor
       7431;202502190030;    3;   -999; -11.2; -18.2;  93.4; -12.1;eor
       7431;202502190040;    3;   -999; -10.8; -16.6;  92.9; -11.7;eor
       7431;202502190050;    3;   -999; -11.3; -18.2;  92.8; -12.2;eor
       7431;202502190100;    3;   -999; -11.2; -17.4;  93.8; -12.0;eor
       7431;202502190110;    3;   -999; -11.3; -17.9;  93.6; -12.1;eor
       7431;202502190120;    3;   -999; -10.9; -17.8;  93.3; -11.8;eor
       7431;202502190130;    3;   -999; -10.6; -17.5;  90.7; -11.8;eor
       7431;202502190140;    3;   -999; -11.4; -17.8;  91.4; -12.5;eor
       7431;202502190150;    3;   -999; -11.7; -17.6;  91.7; -12.8;eor
       7431;202502190200;    3;   -999; -11.7; -16.7;  91.8; -12.8;eor
       7431;202502190210;    3;   -999; -11.7; -18.4;  92.6; -12.7;eor
       7431;202502190220;    3;   -999; -11.3; -17.3;  92.2; -12.3;eor
       7431;202502190230;    3;   -999; -11.4; -17.5;  92.8; -12.3;eor
       7431;202502190240;    3;   -999; -11.1; -17.7;  91.9; -12.2;eor
       7431;202502190250;    3;   -999; -11.2; -17.4;  93.1; -12.1;eor
       7431;202502190300;    3;   -999; -11.3; -18.6;  93.4; -12.2;eor
       7431;202502190310;    3;   -999; -11.8; -16.6;  90.7; -13.0;eor
       7431;202502190320;    3;   -999; -12.2; -16.3;  91.5; -13.3;eor
       7431;202502190330;    3;   -999; -12.7; -17.5;  91.3; -13.8;eor
       7431;202502190340;    3;   -999; -12.5; -18.0;  92.9; -13.4;eor
       7431;202502190350;    3;   -999; -11.9; -16.5;  93.5; -12.7;eor
       7431;202502190400;    3;   -999; -13.8; -16.2;  91.1; -14.9;eor
       7431;202502190410;    3;   -999; -13.0; -17.7;  91.8; -14.1;eor
       7431;202502190420;    3;   -999; -12.0; -16.8;  92.1; -13.0;eor
       7431;202502190430;    3;   -999; -12.6; -16.8;  91.7; -13.7;eor
       7431;202502190440;    3;   -999; -12.0; -17.1;  91.8; -13.1;eor
       7431;202502190450;    3;   -999; -12.1; -15.7;  90.8; -13.3;eor
       7431;202502190500;    3;   -999; -12.5; -16.3;  91.4; -13.6;eor
       7431;202502190510;    3;   -999; -13.3; -16.4;  89.9; -14.6;eor
       7431;202502190520;    3;   -999; -12.6; -16.5;  91.0; -13.8;eor
       7431;202502190530;    3;   -999; -12.4; -16.9;  91.7; -13.5;eor
       7431;202502190540;    3;   -999; -12.4; -16.4;  90.2; -13.7;eor
       7431;202502190550;    3;   -999; -12.3; -15.8;  89.9; -13.6;eor
       7431;202502190600;    3;   -999; -13.7; -16.2;  88.5; -15.2;eor
       7431;202502190610;    3;   -999; -13.3; -16.6;  89.9; -14.6;eor
       7431;202502190620;    3;   -999; -13.4; -16.5;  88.5; -14.9;eor
       7431;202502190630;    3;   -999; -13.1; -16.3;  90.6; -14.3;eor
       7431;202502190640;    3;   -999; -12.8; -15.8;  89.7; -14.1;eor
       7431;202502190650;    3;   -999; -12.9; -15.6;  88.8; -14.4;eor
       7431;202502190700;    3;   -999; -12.4; -15.6;  90.4; -13.6;eor
       7431;202502190710;    3;   -999; -11.6; -14.9;  88.8; -13.1;eor
       7431;202502190720;    3;   -999; -10.2; -14.3;  89.4; -11.6;eor
       7431;202502190730;    3;   -999;  -9.8; -12.8;  89.5; -11.2;eor
       7431;202502190740;    3;   -999;  -9.8; -10.8;  86.7; -11.6;eor
       7431;202502190750;    3;   -999;  -9.3;  -8.6;  84.6; -11.4;eor
       7431;202502190800;    3;   -999;  -8.7;  -7.4;  84.2; -10.9;eor
       7431;202502190810;    3;   -999;  -8.3;  -7.1;  84.3; -10.5;eor
       7431;202502190820;    3;   -999;  -8.0;  -6.2;  81.6; -10.6;eor
       7431;202502190830;    3;   -999;  -7.6;  -5.6;  79.9; -10.5;eor
       7431;202502190840;    3;   -999;  -7.1;  -5.3;  78.9; -10.1;eor
       7431;202502190850;    3;   -999;  -6.7;  -4.6;  77.4; -10.0;eor
       7431;202502190900;    3;   -999;  -6.4;  -4.0;  76.8;  -9.8;eor
       7431;202502190910;    3;   -999;  -6.0;  -2.9;  76.4;  -9.5;eor
       7431;202502190920;    3;   -999;  -5.6;  -2.4;  75.4;  -9.3;eor
       7431;202502190930;    3;   -999;  -5.2;  -1.5;  74.7;  -9.0;eor
       7431;202502190940;    3;   -999;  -4.7;  -0.7;  71.9;  -9.0;eor
       7431;202502190950;    3;   -999;  -4.3;  -0.2;  71.2;  -8.7;eor
       7431;202502191000;    3;   -999;  -4.0;   0.1;  70.2;  -8.6;eor
       7431;202502191010;    3;   -999;  -3.5;   0.7;  69.7;  -8.2;eor
       7431;202502191020;    3;   -999;  -3.3;   0.7;  68.6;  -8.3;eor
       7431;202502191030;    3;   -999;  -3.0;   0.3;  67.0;  -8.3;eor
       7431;202502191040;    3;   -999;  -3.1;   0.4;  67.7;  -8.2;eor
       7431;202502191050;    3;   -999;  -2.5;   0.8;  65.8;  -8.0;eor
       7431;202502191100;    3;   -999;  -2.5;   1.2;  66.3;  -7.9;eor
       7431;202502191110;    3;   -999;  -2.2;   2.3;  64.5;  -8.0;eor
       7431;202502191120;    3;   -999;  -1.8;   3.2;  64.2;  -7.7;eor
       7431;202502191130;    3;   -999;  -0.9;   2.6;  61.8;  -7.3;eor
       7431;202502191140;    3;   -999;  -1.0;   3.5;  60.6;  -7.7;eor
       7431;202502191150;    3;   -999;  -0.8;   3.6;  62.7;  -7.0;eor
       7431;202502191200;    3;   -999;  -0.8;   4.0;  60.0;  -7.6;eor
       7431;202502191210;    3;   -999;  -0.6;   4.0;  60.5;  -7.3;eor
       7431;202502191220;    3;   -999;   0.1;   2.6;  62.1;  -6.3;eor
       7431;202502191230;    3;   -999;  -0.4;  -0.3;  61.0;  -7.0;eor
       7431;202502191240;    3;   -999;  -0.1;  -0.6;  59.6;  -7.0;eor
       7431;202502191250;    3;   -999;   0.2;  -0.5;  59.0;  -6.9;eor
       7431;202502191300;    2;   -999;   0.0;  -0.7;  60.8;  -6.7;eor
       7431;202502191310;    2;   -999;   0.3;  -0.7;  59.6;  -6.6;eor
       7431;202502191320;    2;   -999;   0.3;  -0.4;  59.9;  -6.6;eor
       7431;202502191330;    2;   -999;   0.7;  -0.3;  57.2;  -6.8;eor
       7431;202502191340;    2;   -999;   0.6;   2.5;  58.8;  -6.5;eor
       7431;202502191350;    2;   -999;   0.8;   3.3;  58.2;  -6.5;eor
       7431;202502191400;    2;   -999;   0.3;   3.5;  62.4;  -6.0;eor
       7431;202502191410;    2;   -999;   1.0;   3.6;  58.0;  -6.3;eor
       7431;202502191420;    2;   -999;   0.6;   3.0;  63.8;  -5.5;eor
       7431;202502191430;    2;   -999;   1.1;   3.2;  57.1;  -6.5;eor
       7431;202502191440;    2;   -999;   1.2;   1.8;  57.4;  -6.3;eor
       7431;202502191450;    2;   -999;   1.0;   2.7;  59.5;  -6.0;eor
